-40.29808,-20.29206,0
          -40.29797,-20.2924,0
          -40.29798,-20.2924,0
          -40.29799,-20.2924,0
          -40.29799,-20.29241,0
          -40.298,-20.29241,0
          -40.298,-20.29242,0
          -40.29801,-20.29242,0
          -40.29801,-20.29243,0
          -40.29802,-20.29243,0
          -40.29802,-20.29244,0
          -40.29802,-20.29245,0
          -40.29802,-20.29246,0
          -40.29802,-20.29247,0
          -40.29802,-20.29248,0
          -40.29802,-20.29249,0
          -40.29801,-20.29249,0
          -40.29801,-20.2925,0
          -40.298,-20.29251,0
          -40.29799,-20.29251,0
          -40.29799,-20.29252,0
          -40.29798,-20.29252,0
          -40.29797,-20.29252,0
          -40.29796,-20.29252,0
          -40.29795,-20.29252,0
          -40.29794,-20.29252,0
          -40.29793,-20.29252,0
          -40.29792,-20.29252,0
          -40.29792,-20.29251,0
          -40.29791,-20.29251,0
          -40.29791,-20.2925,0
          -40.2979,-20.2925,0
          -40.2979,-20.29249,0
          -40.29789,-20.29249,0
          -40.29789,-20.29248,0
          -40.29789,-20.29247,0
          -40.29789,-20.29246,0
          -40.29789,-20.29245,0
          -40.29789,-20.29244,0
          -40.29703,-20.29225,0
          -40.29696,-20.29225,0
          -40.29691,-20.29225,0
          -40.29684,-20.29224,0
          -40.29678,-20.29223,0
          -40.29671,-20.29222,0
          -40.29666,-20.2922,0
          -40.29628,-20.29203,0
          -40.29621,-20.29201,0
          -40.29617,-20.29201,0
          -40.29613,-20.292,0
          -40.29609,-20.29201,0
          -40.29606,-20.29201,0
          -40.29603,-20.29203,0
          -40.29599,-20.29204,0
          -40.29595,-20.29207,0
          -40.29593,-20.2921,0
          -40.29583,-20.29222,0
          -40.29556,-20.29254,0
          -40.29522,-20.29293,0
          -40.29487,-20.29332,0
          -40.29482,-20.29337,0
          -40.2948,-20.29342,0
          -40.29477,-20.29347,0
          -40.29475,-20.29352,0
          -40.29468,-20.29376,0
          -40.29467,-20.2938,0
          -40.29352,-20.29443,0
          -40.29347,-20.29446,0
          -40.29343,-20.29449,0
          -40.29251,-20.29512,0
          -40.29251,-20.29513,0
          -40.29251,-20.29514,0
          -40.29252,-20.29514,0
          -40.29252,-20.29515,0
          -40.29252,-20.29516,0
          -40.29252,-20.29517,0
          -40.29252,-20.29518,0
          -40.29251,-20.29518,0
          -40.29251,-20.29519,0
          -40.29251,-20.2952,0
          -40.2925,-20.29521,0
          -40.2925,-20.29522,0
          -40.29249,-20.29523,0
          -40.29248,-20.29524,0
          -40.29247,-20.29524,0
          -40.29246,-20.29525,0
          -40.29245,-20.29525,0
          -40.29244,-20.29525,0
          -40.29243,-20.29525,0
          -40.29242,-20.29526,0
          -40.29241,-20.29525,0
          -40.2924,-20.29525,0
          -40.29239,-20.29525,0
          -40.29238,-20.29525,0
          -40.29237,-20.29525,0
          -40.29237,-20.29524,0
          -40.29236,-20.29524,0
          -40.29235,-20.29524,0
          -40.29235,-20.29523,0
          -40.29234,-20.29523,0
          -40.29234,-20.29522,0
          -40.29233,-20.29522,0
          -40.29233,-20.29521,0
          -40.29194,-20.29545,0
          -40.2916,-20.29569,0
          -40.2916,-20.2957,0
          -40.29161,-20.2957,0
          -40.29161,-20.29571,0
          -40.29161,-20.29572,0
          -40.29161,-20.29573,0
          -40.29161,-20.29574,0
          -40.29161,-20.29575,0
          -40.29161,-20.29576,0
          -40.2916,-20.29576,0
          -40.2916,-20.29577,0
          -40.2916,-20.29578,0
          -40.29159,-20.29578,0
          -40.29158,-20.29578,0
          -40.29158,-20.29579,0
          -40.29157,-20.29579,0
          -40.29156,-20.29579,0
          -40.29155,-20.29579,0
          -40.29154,-20.29579,0
          -40.29153,-20.29579,0
          -40.29152,-20.29579,0
          -40.29152,-20.29578,0
          -40.29151,-20.29578,0
          -40.2915,-20.29577,0
          -40.29065,-20.29635,0
          -40.291,-20.29687,0
          -40.29134,-20.29738,0
          -40.29145,-20.2975,0
          -40.29155,-20.29762,0
          -40.29177,-20.29796,0
          -40.29199,-20.2983,0
          -40.29203,-20.29843,0
          -40.29216,-20.29873,0
          -40.29222,-20.29892,0
          -40.29226,-20.29909,0
          -40.2923,-20.29932,0
          -40.29232,-20.29947,0
          -40.29231,-20.29962,0
          -40.29231,-20.29976,0
          -40.29229,-20.29995,0
          -40.29227,-20.30007,0
          -40.29225,-20.3002,0
          -40.29224,-20.30026,0
          -40.29222,-20.30037,0
          -40.2919,-20.3014,0
          -40.29188,-20.3015,0
          -40.29184,-20.30167,0
          -40.29185,-20.30191,0
          -40.29185,-20.30256,0
          -40.29188,-20.30279,0
          -40.29188,-20.3029,0
          -40.29187,-20.30319,0
          -40.29188,-20.30329,0
          -40.29189,-20.30333,0
          -40.2919,-20.3034,0
          -40.29193,-20.30351,0
          -40.29203,-20.30368,0
          -40.29221,-20.30395,0
          -40.29232,-20.30411,0
          -40.29245,-20.30426,0
          -40.29258,-20.30441,0
          -40.29259,-20.30442,0
          -40.29281,-20.30469,0
          -40.2929,-20.30479,0
          -40.29302,-20.30491,0
          -40.29329,-20.3053,0
          -40.29356,-20.30568,0
          -40.29358,-20.30571,0
          -40.29361,-20.30574,0
          -40.29399,-20.30625,0
          -40.29437,-20.30675,0
          -40.29472,-20.30654,0
          -40.2949,-20.30643,0
          -40.29508,-20.30632,0
          -40.29542,-20.30612,0
          -40.29591,-20.3058,0
          -40.29597,-20.30576,0
          -40.29608,-20.30569,0
          -40.29653,-20.3054,0
          -40.29673,-20.30527,0
          -40.29702,-20.30513,0
          -40.29709,-20.30509,0
          -40.29716,-20.30504,0
          -40.29737,-20.30487,0
          -40.29739,-20.30486,0
          -40.29764,-20.30469,0
          -40.29772,-20.30464,0
          -40.29868,-20.30402,0
          -40.29868,-20.30401,0
          -40.29867,-20.30401,0
          -40.29867,-20.304,0
          -40.29867,-20.30399,0
          -40.29867,-20.30398,0
          -40.29866,-20.30398,0
          -40.29866,-20.30397,0
          -40.29866,-20.30396,0
          -40.29867,-20.30396,0
          -40.29867,-20.30395,0
          -40.29867,-20.30394,0
          -40.29867,-20.30393,0
          -40.29868,-20.30393,0
          -40.29868,-20.30392,0
          -40.29869,-20.30392,0
          -40.2987,-20.30391,0
          -40.29871,-20.30391,0
          -40.29872,-20.30391,0
          -40.29872,-20.3039,0
          -40.29873,-20.3039,0
          -40.29874,-20.3039,0
          -40.29875,-20.3039,0
          -40.29875,-20.30391,0
          -40.29876,-20.30391,0
          -40.29877,-20.30391,0
          -40.29878,-20.30391,0
          -40.29878,-20.30392,0
          -40.29879,-20.30392,0
          -40.29879,-20.30393,0
          -40.2988,-20.30393,0
          -40.2988,-20.30394,0
          -40.2988,-20.30395,0
          -40.29881,-20.30396,0
          -40.29881,-20.30397,0
          -40.29881,-20.30398,0
          -40.29881,-20.30399,0
          -40.2988,-20.30399,0
          -40.2988,-20.304,0
          -40.2988,-20.30401,0
          -40.29879,-20.30401,0
          -40.29879,-20.30402,0
          -40.29878,-20.30402,0
          -40.29878,-20.30403,0
          -40.29877,-20.30403,0
          -40.29876,-20.30403,0
          -40.29876,-20.30404,0
          -40.29875,-20.30404,0
          -40.29874,-20.30404,0
          -40.29873,-20.30404,0
          -40.29872,-20.30404,0
          -40.29871,-20.30403,0
          -40.2987,-20.30403,0
          -40.29869,-20.30403,0
          -40.29869,-20.30402,0
          -40.29868,-20.30402,0
          -40.29772,-20.30464,0
          -40.29764,-20.30469,0
          -40.29788,-20.30504,0
          -40.29812,-20.30538,0
          -40.29836,-20.30572,0
          -40.29837,-20.30572,0
          -40.29837,-20.30573,0
          -40.29838,-20.30573,0
          -40.29839,-20.30573,0
          -40.29839,-20.30574,0
          -40.2984,-20.30574,0
          -40.2984,-20.30575,0
          -40.2984,-20.30576,0
          -40.2984,-20.30577,0
          -40.2984,-20.30578,0
          -40.29839,-20.30579,0
          -40.29849,-20.30589,0
          -40.29861,-20.30604,0
          -40.29868,-20.30616,0
          -40.29874,-20.30628,0
          -40.29868,-20.30616,0
          -40.29861,-20.30604,0
          -40.29849,-20.30589,0
          -40.29839,-20.30579,0
          -40.29839,-20.3058,0
          -40.29838,-20.3058,0
          -40.29837,-20.3058,0
          -40.29837,-20.30581,0
          -40.29836,-20.30581,0
          -40.29835,-20.30581,0
          -40.29834,-20.30581,0
          -40.29834,-20.3058,0
          -40.29833,-20.3058,0
          -40.29833,-20.30579,0
          -40.29832,-20.30579,0
          -40.29832,-20.30578,0
          -40.29831,-20.30578,0
          -40.29831,-20.30577,0
          -40.29831,-20.30576,0
          -40.29831,-20.30575,0
          -40.29832,-20.30575,0
          -40.29832,-20.30574,0
          -40.29833,-20.30574,0
          -40.29833,-20.30573,0
          -40.29834,-20.30573,0
          -40.29835,-20.30573,0
          -40.29835,-20.30572,0
          -40.29836,-20.30572,0
          -40.29812,-20.30538,0
          -40.29788,-20.30504,0
          -40.29764,-20.30469,0
          -40.29772,-20.30464,0
          -40.29868,-20.30402,0
          -40.29868,-20.30401,0
          -40.29867,-20.30401,0
          -40.29867,-20.304,0
          -40.29867,-20.30399,0
          -40.29867,-20.30398,0
          -40.29866,-20.30398,0
          -40.29866,-20.30397,0
          -40.29866,-20.30396,0
          -40.29867,-20.30396,0
          -40.29867,-20.30395,0
          -40.29867,-20.30394,0
          -40.29867,-20.30393,0
          -40.29868,-20.30393,0
          -40.29868,-20.30392,0
          -40.29869,-20.30392,0
          -40.2987,-20.30391,0
          -40.29871,-20.30391,0
          -40.29872,-20.30391,0
          -40.29872,-20.3039,0
          -40.29873,-20.3039,0
          -40.29874,-20.3039,0
          -40.29875,-20.3039,0
          -40.29875,-20.30391,0
          -40.29876,-20.30391,0
          -40.29877,-20.30391,0
          -40.29878,-20.30391,0
          -40.29878,-20.30392,0
          -40.29879,-20.30392,0
          -40.29879,-20.30393,0
          -40.2988,-20.30393,0
          -40.29982,-20.3033,0
          -40.29986,-20.30328,0
          -40.29991,-20.30325,0
          -40.30029,-20.30375,0
          -40.30067,-20.30426,0
          -40.30104,-20.30478,0
          -40.30142,-20.3053,0
          -40.30213,-20.30485,0
          -40.30212,-20.30485,0
          -40.30212,-20.30484,0
          -40.30212,-20.30483,0
          -40.30212,-20.30482,0
          -40.30211,-20.30482,0
          -40.30211,-20.30481,0
          -40.30212,-20.30481,0
          -40.30212,-20.3048,0
          -40.30212,-20.30479,0
          -40.30212,-20.30478,0
          -40.30213,-20.30478,0
          -40.30213,-20.30477,0
          -40.30214,-20.30477,0
          -40.30214,-20.30476,0
          -40.30215,-20.30476,0
          -40.30216,-20.30475,0
          -40.30217,-20.30475,0
          -40.30218,-20.30475,0
          -40.30219,-20.30475,0
          -40.3022,-20.30475,0
          -40.30221,-20.30475,0
          -40.30222,-20.30476,0
          -40.30223,-20.30476,0
          -40.30223,-20.30477,0
          -40.30224,-20.30477,0
          -40.30224,-20.30478,0
          -40.30307,-20.30427,0
          -40.30309,-20.30425,0
          -40.30312,-20.30422,0
          -40.30314,-20.3042,0
          -40.30316,-20.30419,0
          -40.30317,-20.30418,0
          -40.30321,-20.30416,0
          -40.30326,-20.30413,0
          -40.30329,-20.30411,0
          -40.30331,-20.30409,0
          -40.30338,-20.3035,0
          -40.30345,-20.30291,0
          -40.30348,-20.30277,0
          -40.30348,-20.30269,0
          -40.3034,-20.30269,0
          -40.30329,-20.30267,0
          -40.30306,-20.30282,0
          -40.30275,-20.30303,0
          -40.3026,-20.30314,0
          -40.30252,-20.30319,0
          -40.30228,-20.30334,0
          -40.30226,-20.30335,0
          -40.30211,-20.30346,0
          -40.30205,-20.3035,0
          -40.30201,-20.30352,0
          -40.3019,-20.30354,0
          -40.30208,-20.30335,0
          -40.30216,-20.30328,0
          -40.30221,-20.30325,0
          -40.30221,-20.30324,0
          -40.30225,-20.30319,0
          -40.30229,-20.30312,0
          -40.30231,-20.30306,0
          -40.30232,-20.30297,0
          -40.30233,-20.30255,0
          -40.30234,-20.30239,0
          -40.30238,-20.30228,0
          -40.30242,-20.30221,0
          -40.30243,-20.30221,0
          -40.30249,-20.30212,0
          -40.30271,-20.30185,0
          -40.30272,-20.30179,0
          -40.30273,-20.30176,0
          -40.30273,-20.30172,0
          -40.30272,-20.30166,0
          -40.3027,-20.30158,0
          -40.30265,-20.30139,0
          -40.30262,-20.30134,0
          -40.30259,-20.30127,0
          -40.30257,-20.30125,0
          -40.30248,-20.30116,0
          -40.30244,-20.30112,0
          -40.30239,-20.3011,0
          -40.30235,-20.30109,0
          -40.30231,-20.30111,0
          -40.30228,-20.30116,0
          -40.30231,-20.30111,0
          -40.30235,-20.30109,0
          -40.30239,-20.3011,0
          -40.30244,-20.30112,0
          -40.30248,-20.30116,0
          -40.30257,-20.30125,0
          -40.30259,-20.30127,0
          -40.30262,-20.30134,0
          -40.30265,-20.30139,0
          -40.3027,-20.30158,0
          -40.30272,-20.30166,0
          -40.30273,-20.30172,0
          -40.30273,-20.30176,0
          -40.30272,-20.30179,0
          -40.30271,-20.30185,0
          -40.30249,-20.30212,0
          -40.30243,-20.30221,0
          -40.30242,-20.30221,0
          -40.30238,-20.30228,0
          -40.30234,-20.30239,0
          -40.30233,-20.30255,0
          -40.30232,-20.30297,0
          -40.30231,-20.30306,0
          -40.30229,-20.30312,0
          -40.30225,-20.30319,0
          -40.30221,-20.30324,0
          -40.30221,-20.30325,0
          -40.30216,-20.30328,0
          -40.30208,-20.30335,0
          -40.3019,-20.30354,0
          -40.30201,-20.30352,0
          -40.30205,-20.3035,0
          -40.30211,-20.30346,0
          -40.30226,-20.30335,0
          -40.30228,-20.30334,0
          -40.30252,-20.30319,0
          -40.3026,-20.30314,0
          -40.30275,-20.30303,0
          -40.30306,-20.30282,0
          -40.30329,-20.30267,0
          -40.30351,-20.30248,0
          -40.3036,-20.30199,0
          -40.30364,-20.30163,0
          -40.30368,-20.30128,0
          -40.30369,-20.30118,0
          -40.30371,-20.30108,0
          -40.30373,-20.30099,0
          -40.30374,-20.3009,0
          -40.30376,-20.30077,0
          -40.30377,-20.30074,0
          -40.30379,-20.30065,0
          -40.3038,-20.30058,0
          -40.30381,-20.30052,0
          -40.30385,-20.3003,0
          -40.30388,-20.30009,0
          -40.30393,-20.29978,0
          -40.30398,-20.29947,0
          -40.304,-20.29932,0
          -40.30401,-20.29918,0
          -40.30405,-20.299,0
          -40.30408,-20.29882,0
          -40.30412,-20.29854,0
          -40.30417,-20.29826,0
          -40.3042,-20.2981,0
          -40.30421,-20.29797,0
          -40.30422,-20.29789,0
          -40.30428,-20.29749,0
          -40.30434,-20.29709,0
          -40.30441,-20.29664,0
          -40.30443,-20.29645,0
          -40.30449,-20.29604,0
          -40.30458,-20.29541,0
          -40.30476,-20.29416,0
          -40.3048,-20.29375,0
          -40.30483,-20.29334,0
          -40.30487,-20.29311,0
          -40.30491,-20.29288,0
          -40.3032,-20.29247,0
          -40.30263,-20.29233,0
          -40.30239,-20.29227,0
          -40.30233,-20.29226,0
          -40.30227,-20.29224,0
          -40.30193,-20.29216,0
          -40.30158,-20.29206,0
          -40.30097,-20.29189,0
          -40.3009,-20.29187,0
          -40.30031,-20.29173,0
          -40.29973,-20.29158,0
          -40.29968,-20.29159,0
          -40.29963,-20.2916,0
          -40.29887,-20.29179,0
          -40.29821,-20.29195,0